DATE                      TIME                      FRAC_DAYS_SINCE_JAN1      FRAC_HRS_SINCE_JAN1       EPOCH_TIME                ALARM_STATUS              INST_STATUS               CH4                       CH4_dry                   CO2                       CO2_dry                   H2O                       CavityPressure            CavityTemp                Battery_Current           Battery_Temperature       Battery_Voltage           
2023-06-30                15:00:10.736              180.41679093              4330.002982               1688137210.736            2                         899                       1.9478574586E+00          1.9268728852E+00          5.4441710044E+02          5.2679882948E+02          3.0889462185E+00          7.0460510699E+02          4.0964775085E+01          -1.1666457929E+00         3.0414201736E+01          1.9000489355E+01          
2023-06-30                15:00:12.115              180.41680690              4330.003366               1688137212.116            2                         899                       1.9484126759E+00          1.9269841032E+00          5.4441710044E+02          5.2643936949E+02          3.1541212146E+00          7.0460893159E+02          4.0964775085E+01          -1.1559744568E+00         3.0414201736E+01          1.9002297244E+01          
2023-06-30                15:00:13.421              180.41682200              4330.003728               1688137213.421            2                         899                       1.9484126759E+00          1.9269841032E+00          5.4441710044E+02          5.2643936949E+02          3.1541212146E+00          7.0465676577E+02          4.0964775085E+01          -1.1388356054E+00         3.0414201736E+01          1.8996816774E+01          
2023-06-30                15:00:14.693              180.41683672              4330.004081               1688137214.693            2                         899                       1.9445290348E+00          1.9235464740E+00          5.4441710044E+02          5.2677098735E+02          3.0939911976E+00          7.0462830722E+02          4.0964775085E+01          -1.1376283169E+00         3.0414201736E+01          1.9001358032E+01          
2023-06-30                15:00:16.066              180.41685263              4330.004463               1688137216.067            2                         899                       1.9445885759E+00          1.9236050867E+00          5.4443241512E+02          5.2678557043E+02          3.0940338183E+00          7.0460286768E+02          4.0968268641E+01          -1.1298026360E+00         3.0414201736E+01          1.9002109427E+01          
2023-06-30                15:00:17.381              180.41686784              4330.004828               1688137217.381            2                         899                       1.9481810828E+00          1.9270456425E+00          5.4443502696E+02          5.2669517297E+02          3.1108750371E+00          7.0462043611E+02          4.0968864441E+01          -1.1174281788E+00         3.0414201736E+01          1.9006790970E+01          
2023-06-30                15:00:18.763              180.41688384              4330.005212               1688137218.764            2                         899                       1.9481810828E+00          1.9270456425E+00          5.4443502696E+02          5.2669517297E+02          3.1108750371E+00          7.0463036058E+02          4.0968864441E+01          -1.1402260720E+00         3.0414201736E+01          1.9004959106E+01          
2023-06-30                15:00:20.154              180.41689993              4330.005598               1688137220.154            2                         899                       1.9440830974E+00          1.9230339451E+00          5.4444447148E+02          5.2673872229E+02          3.1046376890E+00          7.0464970832E+02          4.0971018861E+01          -1.1546055260E+00         3.0414201736E+01          1.8996884074E+01          
2023-06-30                15:00:21.492              180.41691542              4330.005970               1688137221.492            2                         899                       1.9441139865E+00          1.9230643510E+00          5.4445241880E+02          5.2674628870E+02          3.1046598818E+00          7.0464069735E+02          4.0972831726E+01          -1.1409913649E+00         3.0414201736E+01          1.9001536237E+01          
2023-06-30                15:00:22.823              180.41693083              4330.006340               1688137222.824            2                         899                       1.9453547365E+00          1.9246803391E+00          5.4445241880E+02          5.2706597989E+02          3.0467548929E+00          7.0460116436E+02          4.0972831726E+01          -1.2052459859E+00         3.0414201736E+01          1.8999555108E+01          
2023-06-30                15:00:24.196              180.41694671              4330.006721               1688137224.196            2                         899                       1.9453894948E+00          1.9247145635E+00          5.4446135588E+02          5.2707449627E+02          3.0467793841E+00          7.0459800063E+02          4.0974870341E+01          -1.3734872120E+00         3.0414201736E+01          1.9000453873E+01          
2023-06-30                15:00:25.494              180.41696175              4330.007082               1688137225.495            2                         899                       1.9447681220E+00          1.9236907853E+00          5.4446994486E+02          5.2674628708E+02          3.1077332616E+00          7.0458355713E+02          4.0976829529E+01          -1.1311177015E+00         3.0414201736E+01          1.8997035980E+01          
2023-06-30                15:00:26.775              180.41697656              4330.007438               1688137226.775            2                         899                       1.9447681220E+00          1.9236907853E+00          5.4446994486E+02          5.2674628708E+02          3.1077332616E+00          7.0461528490E+02          4.0976829529E+01          -1.1434382658E+00         3.0414201736E+01          1.8999290694E+01          
2023-06-30                15:00:28.181              180.41699285              4330.007828               1688137228.182            2                         899                       1.9483797157E+00          1.9274867633E+00          5.4446994486E+02          5.2692982344E+02          3.0744800474E+00          7.0463040707E+02          4.0976829529E+01          -1.1374234672E+00         3.0414201736E+01          1.9003521218E+01          
2023-06-30                15:00:29.513              180.41700825              4330.008198               1688137229.513            2                         899                       1.9483979380E+00          1.9275047031E+00          5.4447462304E+02          5.2693427949E+02          3.0744929840E+00          7.0466047355E+02          4.0977896634E+01          -1.1217829013E+00         3.0414201736E+01          1.9006984054E+01          
2023-06-30                15:00:30.806              180.41702323              4330.008557               1688137230.807            2                         899                       1.9476922443E+00          1.9266219929E+00          5.4448760515E+02          5.2679521807E+02          3.1019619885E+00          7.0462385246E+02          4.0980857849E+01          -1.1050752401E+00         3.0414201736E+01          1.9007120132E+01          
2023-06-30                15:00:32.168              180.41703899              4330.008936               1688137232.169            2                         899                       1.9476922443E+00          1.9266219929E+00          5.4448760515E+02          5.2679521807E+02          3.1019619885E+00          7.0461343566E+02          4.0980857849E+01          -1.1247364330E+00         3.0414201736E+01          1.9006571043E+01          
2023-06-30                15:00:33.450              180.41705383              4330.009292               1688137233.451            2                         899                       1.9489159938E+00          1.9281306867E+00          5.4448760515E+02          5.2704003363E+02          3.0576181327E+00          7.0466027387E+02          4.0980857849E+01          -1.1033182089E+00         3.0414201736E+01          1.9007148705E+01          
2023-06-30                15:00:34.838              180.41706988              4330.009677               1688137234.838            2                         899                       1.9489403277E+00          1.9281546456E+00          5.4449385086E+02          5.2704598433E+02          3.0576353089E+00          7.0463541478E+02          4.0982282474E+01          -1.1156172823E+00         3.0414201736E+01          1.9004553460E+01          
2023-06-30                15:00:36.302              180.41708683              4330.010084               1688137236.302            2                         899                       1.9425947303E+00          1.9212713890E+00          5.4450539968E+02          5.2655869426E+02          3.1479643800E+00          7.0462944950E+02          4.0984916687E+01          -1.1694052938E+00         3.0414201736E+01          1.8986786924E+01          
2023-06-30                15:00:37.829              180.41710451              4330.010508               1688137237.830            2                         899                       1.9425947303E+00          1.9212713890E+00          5.4450539968E+02          5.2655869426E+02          3.1479643800E+00          7.0464458016E+02          4.0984916687E+01          -1.4676432167E+00         3.0414201736E+01          1.8995183604E+01          
2023-06-30                15:00:39.134              180.41711962              4330.010871               1688137239.135            2                         899                       1.9454561783E+00          1.9245809536E+00          5.4450563360E+02          5.2695315757E+02          3.0765093588E+00          7.0464680734E+02          4.0984970042E+01          -1.1446455678E+00         3.0414201736E+01          1.9001926182E+01          
2023-06-30                15:00:40.507              180.41713551              4330.011252               1688137240.508            2                         899                       1.9455239532E+00          1.9246476777E+00          5.4452306086E+02          5.2696975679E+02          3.0765575801E+00          7.0465622171E+02          4.0988945007E+01          -1.1327453852E+00         3.0414201736E+01          1.9006399155E+01          
2023-06-30                15:00:41.832              180.41715084              4330.011620               1688137241.833            2                         899                       1.9470069331E+00          1.9260514694E+00          5.4452306086E+02          5.2691775315E+02          3.0859767660E+00          7.0463259989E+02          4.0988945007E+01          -1.2138477406E+00         3.0414201736E+01          1.8991918210E+01          
2023-06-30                15:00:43.173              180.41716635              4330.011993               1688137243.173            2                         899                       1.9470069331E+00          1.9260514694E+00          5.4452306086E+02          5.2691775315E+02          3.0859767660E+00          7.0464998804E+02          4.0988945007E+01          -1.1430717501E+00         3.0414201736E+01          1.8999253924E+01          
2023-06-30                15:00:44.617              180.41718307              4330.012394               1688137244.617            2                         899                       1.9472769391E+00          1.9263173511E+00          5.4452306086E+02          5.2691675203E+02          3.0861581136E+00          7.0462491188E+02          4.0988945007E+01          -1.1067029238E+00         3.0414201736E+01          1.9006399155E+01          
2023-06-30                15:00:46.062              180.41719980              4330.012795               1688137246.063            2                         899                       1.9473388720E+00          1.9263783207E+00          5.4453897154E+02          5.2693190446E+02          3.0862022758E+00          7.0464123373E+02          4.0992573972E+01          -1.1119523435E+00         3.0414201736E+01          1.9006341631E+01          
2023-06-30                15:00:47.323              180.41721440              4330.013146               1688137247.324            2                         899                       1.9480697492E+00          1.9266581259E+00          5.4454099008E+02          5.2656998205E+02          3.1521596378E+00          7.0465512792E+02          4.0993034363E+01          -1.1099581718E+00         3.0414201736E+01          1.9005680084E+01          
2023-06-30                15:00:48.717              180.41723053              4330.013533               1688137248.718            2                         899                       1.9480697492E+00          1.9266581259E+00          5.4454099008E+02          5.2656998205E+02          3.1521596378E+00          7.0460867047E+02          4.0993034363E+01          -1.1649966295E+00         3.0414201736E+01          1.9004620104E+01          
2023-06-30                15:00:50.105              180.41724659              4330.013918               1688137250.105            2                         899                       1.9455683768E+00          1.9243213686E+00          5.4454974043E+02          5.2669113284E+02          3.1317237858E+00          7.0462891555E+02          4.0995030132E+01          -1.1235075802E+00         3.0414201736E+01          1.9005114284E+01          
2023-06-30                15:00:51.470              180.41726240              4330.014297               1688137251.471            2                         899                       1.9455993912E+00          1.9243518935E+00          5.4455771552E+02          5.2669872250E+02          3.1317462479E+00          7.0463952596E+02          4.0996849060E+01          -1.1312038946E+00         3.0414201736E+01          1.9004598618E+01          
2023-06-30                15:00:52.815              180.41727796              4330.014671               1688137252.816            2                         899                       1.9450655830E+00          1.9240673314E+00          5.4455771552E+02          5.2689890021E+02          3.0954666936E+00          7.0462515117E+02          4.0996849060E+01          -1.1488278236E+00         3.0414201736E+01          1.9002118736E+01          
2023-06-30                15:00:54.081              180.41729260              4330.015023               1688137254.081            2                         899                       1.9450655830E+00          1.9240673314E+00          5.4455771552E+02          5.2689890021E+02          3.0954666936E+00          7.0462414712E+02          4.0996849060E+01          -1.2099457016E+00         3.0414201736E+01          1.9002304481E+01          
2023-06-30                15:00:55.391              180.41730777              4330.015386               1688137255.391            2                         899                       1.9473499937E+00          1.9264374300E+00          5.4455771552E+02          5.2698957502E+02          3.0790421573E+00          7.0462182617E+02          4.0996849060E+01          -1.2662129402E+00         3.0414201736E+01          1.9006038666E+01          
2023-06-30                15:00:56.782              180.41732388              4330.015773               1688137256.783            2                         899                       1.9473999106E+00          1.9264865722E+00          5.4457053966E+02          5.2700178935E+02          3.0790776690E+00          7.0461809575E+02          4.0999773897E+01          -1.1583243151E+00         3.0414201736E+01          1.9006062514E+01          
2023-06-30                15:00:58.295              180.41734138              4330.016193               1688137258.295            2                         899                       1.9442509526E+00          1.9229103255E+00          5.4457564563E+02          5.2662736019E+02          3.1478310327E+00          7.0462310468E+02          4.1000938416E+01          -1.1002354243E+00         3.0414201736E+01          1.9006254019E+01          
2023-06-30                15:00:59.584              180.41735630              4330.016551               1688137259.584            2                         899                       1.9442509526E+00          1.9229103255E+00          5.4457564563E+02          5.2662736019E+02          3.1478310327E+00          7.0462661319E+02          4.1000938416E+01          -1.1034475565E+00         3.0414201736E+01          1.9007839203E+01          
2023-06-30                15:01:00.890              180.41737141              4330.016914               1688137260.890            2                         899                       1.9456496418E+00          1.9247242166E+00          5.4458914358E+02          5.2699439049E+02          3.0836781791E+00          7.0459929571E+02          4.1004016851E+01          -1.1252538297E+00         3.0414201736E+01          1.9001880747E+01          
2023-06-30                15:01:02.331              180.41738809              4330.017314               1688137262.331            2                         899                       1.9456637570E+00          1.9247381125E+00          5.4459277333E+02          5.2699784738E+02          3.0836882451E+00          7.0459779570E+02          4.1004844666E+01          -1.1206080290E+00         3.0414201736E+01          1.9002138138E+01          
2023-06-30                15:01:03.680              180.41740372              4330.017689               1688137263.681            2                         899                       1.9458402562E+00          1.9248325296E+00          5.4459277333E+02          5.2693190686E+02          3.0956323276E+00          7.0459098523E+02          4.1004844666E+01          -1.1103678397E+00         3.0414201736E+01          1.9001664901E+01          
2023-06-30                15:01:05.144              180.41742066              4330.018096               1688137265.145            2                         899                       1.9458666421E+00          1.9248585039E+00          5.4459955788E+02          5.2693836713E+02          3.0956512155E+00          7.0457673776E+02          4.1006391967E+01          -1.1207158376E+00         3.0414201736E+01          1.9007839203E+01          
2023-06-30                15:01:06.619              180.41743773              4330.018506               1688137266.620            2                         899                       1.9456199751E+00          1.9249429307E+00          5.4461043670E+02          5.2721909316E+02          3.0467292890E+00          7.0461411674E+02          4.1008872986E+01          -1.2596161137E+00         3.0414201736E+01          1.9005609689E+01          
2023-06-30                15:01:07.921              180.41745279              4330.018867               1688137267.921            2                         899                       1.9456199751E+00          1.9249429307E+00          5.4461043670E+02          5.2721909316E+02          3.0467292890E+00          7.0464936071E+02          4.1008872986E+01          -1.1655355337E+00         3.0414201736E+01          1.9003034427E+01          
2023-06-30                15:01:09.243              180.41746809              4330.019234               1688137269.243            2                         899                       1.9475158228E+00          1.9265880915E+00          5.4461043670E+02          5.2702959415E+02          3.0810343849E+00          7.0467763049E+02          4.1008872986E+01          -1.1401183242E+00         3.0414201736E+01          1.9001832912E+01          
2023-06-30                15:01:10.644              180.41748432              4330.019624               1688137270.645            2                         899                       1.9475705717E+00          1.9266419902E+00          5.4462450250E+02          5.2704299066E+02          3.0810733579E+00          7.0460980548E+02          4.1012080767E+01          -1.1312362532E+00         3.0414201736E+01          1.8995804174E+01          
2023-06-30                15:01:11.973              180.41749970              4330.019993               1688137271.974            2                         899                       1.9466958362E+00          1.9256476063E+00          5.4462756525E+02          5.2693987079E+02          3.1002879347E+00          7.0461537181E+02          4.1012779236E+01          -1.1582488058E+00         3.0414201736E+01          1.9001984742E+01          
2023-06-30                15:01:13.372              180.41751589              4330.020381               1688137273.373            2                         899                       1.9466958362E+00          1.9256476063E+00          5.4462756525E+02          5.2693987079E+02          3.1002879347E+00          7.0460819633E+02          4.1012779236E+01          -1.1207480857E+00         3.0414201736E+01          1.8985224882E+01          
2023-06-30                15:01:14.687              180.41753111              4330.020747               1688137274.688            2                         899                       1.9469254435E+00          1.9258861194E+00          5.4462863402E+02          5.2695026439E+02          3.0985923676E+00          7.0461978210E+02          4.1013022972E+01          -1.1049781698E+00         3.0414201736E+01          1.8994821359E+01          
2023-06-30                15:01:15.973              180.41754598              4330.021104               1688137275.973            2                         899                       1.9469910582E+00          1.9259507095E+00          5.4464549714E+02          5.2696632074E+02          3.0986393567E+00          7.0458825158E+02          4.1016868591E+01          -1.1095701148E+00         3.0414201736E+01          1.9005867232E+01          
2023-06-30                15:01:17.305              180.41756140              4330.021474               1688137277.305            2                         899                       1.9480650394E+00          1.9271002504E+00          5.4464549714E+02          5.2703792568E+02          3.0856698337E+00          7.0462644544E+02          4.1016868591E+01          -1.1556402674E+00         3.0414201736E+01          1.9002465305E+01          
2023-06-30                15:01:18.602              180.41757642              4330.021834               1688137278.603            2                         899                       1.9480650394E+00          1.9271002504E+00          5.4464549714E+02          5.2703792568E+02          3.0856698337E+00          7.0458524833E+02          4.1016868591E+01          -1.1876543973E+00         3.0414201736E+01          1.9000366160E+01          
2023-06-30                15:01:19.914              180.41759161              4330.022199               1688137279.915            2                         899                       1.9454479200E+00          1.9242609224E+00          5.4465657696E+02          5.2684272462E+02          3.1229765582E+00          7.0464242089E+02          4.1019395285E+01          -1.2683472373E+00         3.0414201736E+01          1.8999128279E+01          
2023-06-30                15:01:21.230              180.41760684              4330.022564               1688137281.231            2                         899                       1.9454740412E+00          1.9242866325E+00          5.4466329567E+02          5.2684911947E+02          3.1229954266E+00          7.0461187017E+02          4.1020927429E+01          -1.1153908707E+00         3.0414201736E+01          1.9005397531E+01          
2023-06-30                15:01:22.619              180.41762292              4330.022950               1688137282.620            2                         899                       1.9465577844E+00          1.9254326324E+00          5.4466329567E+02          5.2690998518E+02          3.1119655667E+00          7.0458764285E+02          4.1020927429E+01          -1.1462085208E+00         3.0414201736E+01          1.9005631201E+01          
2023-06-30                15:01:24.007              180.41763898              4330.023336               1688137284.008            2                         899                       1.9465577844E+00          1.9254326324E+00          5.4466329567E+02          5.2690998518E+02          3.1119655667E+00          7.0462027119E+02          4.1020927429E+01          -1.1403446213E+00         3.0414201736E+01          1.9005841489E+01          
2023-06-30                15:01:25.361              180.41765464              4330.023711               1688137285.361            2                         899                       1.9444436125E+00          1.9232360461E+00          5.4466329567E+02          5.2682330477E+02          3.1276742398E+00          7.0461773682E+02          4.1020927429E+01          -1.0985646248E+00         3.0414201736E+01          1.9008560181E+01          
2023-06-30                15:01:26.680              180.41766991              4330.024078               1688137286.680            2                         899                       1.9444794283E+00          1.9232712974E+00          5.4467251282E+02          5.2683207701E+02          3.1277001635E+00          7.0463090101E+02          4.1023029302E+01          -1.1207265554E+00         3.0414201736E+01          1.9002760110E+01          
2023-06-30                15:01:27.959              180.41768471              4330.024433               1688137287.959            2                         899                       1.9442573804E+00          1.9229409728E+00          5.4468069315E+02          5.2674892467E+02          3.1442084360E+00          7.0461453065E+02          4.1024894714E+01          -1.1381887797E+00         3.0414201736E+01          1.8997921179E+01          
2023-06-30                15:01:29.315              180.41770042              4330.024810               1688137289.316            2                         899                       1.9442809130E+00          1.9229641326E+00          5.4468675003E+02          5.2675468769E+02          3.1442255610E+00          7.0460602817E+02          4.1026275887E+01          -1.4040569478E+00         3.0414201736E+01          1.9006108922E+01          
2023-06-30                15:01:30.628              180.41771561              4330.025175               1688137290.629            2                         899                       1.9453695284E+00          1.9243043616E+00          5.4469862640E+02          5.2698289605E+02          3.1049485255E+00          7.0460701039E+02          4.1028984070E+01          -1.6403577754E+00         3.0414201736E+01          1.9007405856E+01          
2023-06-30                15:01:32.013              180.41773164              4330.025559               1688137292.014            2                         899                       1.9453695284E+00          1.9243043616E+00          5.4469862640E+02          5.2698289605E+02          3.1049485255E+00          7.0461631482E+02          4.1028984070E+01          -1.1609652137E+00         3.0414201736E+01          1.9002044779E+01          
2023-06-30                15:01:33.308              180.41774662              4330.025919               1688137293.308            2                         899                       1.9448839585E+00          1.9240763559E+00          5.4469862640E+02          5.2719053712E+02          3.0673477093E+00          7.0459646384E+02          4.1028984070E+01          -1.2110883432E+00         3.0414201736E+01          1.8997545091E+01          
2023-06-30                15:01:34.693              180.41776265              4330.026304               1688137294.693            2                         899                       1.9449083046E+00          1.9241003255E+00          5.4470489083E+02          5.2719650473E+02          3.0673649877E+00          7.0463014999E+02          4.1030412535E+01          -1.3345420526E+00         3.0414201736E+01          1.8985815983E+01          
2023-06-30                15:01:36.059              180.41777847              4330.026683               1688137296.060            2                         899                       1.9481757303E+00          1.9272228375E+00          5.4471522176E+02          5.2711614917E+02          3.0837227441E+00          7.0460469631E+02          4.1032768250E+01          -1.4617792944E+00         3.0414201736E+01          1.8973154055E+01          
2023-06-30                15:01:37.582              180.41779610              4330.027106               1688137297.583            2                         899                       1.9481757303E+00          1.9272228375E+00          5.4471522176E+02          5.2711614917E+02          3.0837227441E+00          7.0461127315E+02          4.1032768250E+01          -1.1218583860E+00         3.0414201736E+01          1.9005393338E+01          
2023-06-30                15:01:38.967              180.41781212              4330.027491               1688137298.967            2                         899                       1.9463889191E+00          1.9255207567E+00          5.4471522176E+02          5.2717002993E+02          3.0739675011E+00          7.0463764560E+02          4.1032768250E+01          -1.1083304882E+00         3.0414201736E+01          1.9002079010E+01          
2023-06-30                15:01:40.315              180.41782772              4330.027865               1688137300.315            2                         899                       1.9464300131E+00          1.9255612139E+00          5.4472578771E+02          5.2718009424E+02          3.0739967064E+00          7.0461271051E+02          4.1035177521E+01          -1.1069723336E+00         3.0414201736E+01          1.9006773652E+01          
2023-06-30                15:01:41.698              180.41784374              4330.028250               1688137301.699            2                         899                       1.9461646467E+00          1.9252311578E+00          5.4473275437E+02          5.2713128477E+02          3.0840541945E+00          7.0458771116E+02          4.1036766052E+01          -1.1132135391E+00         3.0414201736E+01          1.9007839203E+01          
2023-06-30                15:01:43.072              180.41785963              4330.028631               1688137303.072            2                         899                       1.9461646467E+00          1.9252311578E+00          5.4473275437E+02          5.2713128477E+02          3.0840541945E+00          7.0460104390E+02          4.1036766052E+01          -1.4403827080E+00         3.0414201736E+01          1.9004023495E+01          
2023-06-30                15:01:44.382              180.41787480              4330.028995               1688137304.383            2                         899                       1.9447521247E+00          1.9232759332E+00          5.4473452263E+02          5.2667405464E+02          3.1672251588E+00          7.0461086773E+02          4.1037169248E+01          -1.1366042665E+00         3.0414201736E+01          1.9000815916E+01          
2023-06-30                15:01:45.904              180.41789241              4330.029418               1688137305.904            2                         899                       1.9448144245E+00          1.9233372388E+00          5.4475055510E+02          5.2668930383E+02          3.1672708175E+00          7.0461139361E+02          4.1040824890E+01          -1.1373049076E+00         3.0414201736E+01          1.8999256361E+01          
2023-06-30                15:01:47.342              180.41790906              4330.029817               1688137307.343            2                         899                       1.9459601449E+00          1.9245504001E+00          5.4475055510E+02          5.2675511929E+02          3.1553349432E+00          7.0461349629E+02          4.1040824890E+01          -1.1928176019E+00         3.0414201736E+01          1.8986791068E+01          
2023-06-30                15:01:48.740              180.41792524              4330.030206               1688137308.741            2                         899                       1.9459601449E+00          1.9245504001E+00          5.4475055510E+02          5.2675511929E+02          3.1553349432E+00          7.0459147796E+02          4.1040824890E+01          -1.4181345441E+00         3.0414201736E+01          1.8999986105E+01          
2023-06-30                15:01:50.148              180.41794154              4330.030597               1688137310.149            2                         899                       1.9483337644E+00          1.9276193589E+00          5.4475375668E+02          5.2735083225E+02          3.0479964845E+00          7.0464824065E+02          4.1041554887E+01          -1.3929112826E+00         3.0414201736E+01          1.8995422363E+01          
2023-06-30                15:01:51.536              180.41795759              4330.030982               1688137311.536            2                         899                       1.9483885148E+00          1.9276732680E+00          5.4476782091E+02          5.2736423412E+02          3.0480350293E+00          7.0459396019E+02          4.1044761658E+01          -1.1634228214E+00         3.0414201736E+01          1.8987867583E+01          
2023-06-30                15:01:52.917              180.41797359              4330.031366               1688137312.918            2                         899                       1.9460267891E+00          1.9250056475E+00          5.4476782091E+02          5.2709190058E+02          3.0973305477E+00          7.0463495722E+02          4.1044761658E+01          -1.1029409541E+00         3.0414201736E+01          1.9004823318E+01          
2023-06-30                15:01:54.239              180.41798888              4330.031733               1688137314.239            2                         899                       1.9460267891E+00          1.9250056475E+00          5.4476782091E+02          5.2709190058E+02          3.0973305477E+00          7.0460346146E+02          4.1044761658E+01          -1.1398164697E+00         3.0414201736E+01          1.9005273453E+01          
2023-06-30                15:01:55.578              180.41800438              4330.032105               1688137315.578            2                         899                       1.9440496748E+00          1.9226164357E+00          5.4476782091E+02          5.2673519788E+02          3.1619749644E+00          7.0459020996E+02          4.1044761658E+01          -1.1685537100E+00         3.0414201736E+01          1.9004238129E+01          
2023-06-30                15:01:56.857              180.41801918              4330.032460               1688137316.857            2                         899                       1.9440839527E+00          1.9226501674E+00          5.4477664587E+02          5.2674359237E+02          3.1620000544E+00          7.0460836206E+02          4.1046773797E+01          -1.1513933007E+00         3.0414201736E+01          1.9003971150E+01          
2023-06-30                15:01:58.148              180.41803413              4330.032819               1688137318.149            2                         899                       1.9427819056E+00          1.9217389256E+00          5.4478535483E+02          5.2706199871E+02          3.1058188581E+00          7.0461744740E+02          4.1048759460E+01          -1.1419399424E+00         3.0414201736E+01          1.9002887082E+01          
2023-06-30                15:01:59.520              180.41805001              4330.033200               1688137319.521            2                         899                       1.9428014347E+00          1.9217581490E+00          5.4479038613E+02          5.2706678876E+02          3.1058329082E+00          7.0462880682E+02          4.1049906598E+01          -1.2193127752E+00         3.0414201736E+01          1.9006261143E+01          
2023-06-30                15:02:00.884              180.41806580              4330.033579               1688137320.885            2                         899                       1.9438282116E+00          1.9226932070E+00          5.4480302304E+02          5.2701266018E+02          3.1178529003E+00          7.0462912210E+02          4.1052787781E+01          -1.4599037170E+00         3.0414201736E+01          1.9007120132E+01          
2023-06-30                15:02:02.270              180.41808184              4330.033964               1688137322.271            2                         899                       1.9438282116E+00          1.9226932070E+00          5.4480302304E+02          5.2701266018E+02          3.1178529003E+00          7.0462994829E+02          4.1052787781E+01          -1.1543899111E+00         3.0414201736E+01          1.9005531450E+01          
2023-06-30                15:02:03.631              180.41809759              4330.034342               1688137323.632            2                         899                       1.9463835382E+00          1.9253777492E+00          5.4480302304E+02          5.2714175542E+02          3.0944702809E+00          7.0461931322E+02          4.1052787781E+01          -1.1393960999E+00         3.0414201736E+01          1.9000935990E+01          
2023-06-30                15:02:05.065              180.41811419              4330.034741               1688137325.066            2                         899                       1.9464175946E+00          1.9254112745E+00          5.4481178108E+02          5.2715009498E+02          3.0944946481E+00          7.0461467051E+02          4.1054784560E+01          -1.1375852002E+00         3.0414201736E+01          1.9000830417E+01          
2023-06-30                15:02:06.513              180.41813094              4330.035143               1688137326.513            2                         899                       1.9424422687E+00          1.9213583184E+00          5.4482042399E+02          5.2705913948E+02          3.1124822655E+00          7.0462382295E+02          4.1056755066E+01          -1.1403661824E+00         3.0414201736E+01          1.9003113298E+01          
2023-06-30                15:02:07.872              180.41814668              4330.035520               1688137327.873            2                         899                       1.9424422687E+00          1.9213583184E+00          5.4482042399E+02          5.2705913948E+02          3.1124822655E+00          7.0462599435E+02          4.1056755066E+01          -1.1501752462E+00         3.0414201736E+01          1.9001913778E+01          
2023-06-30                15:02:09.276              180.41816292              4330.035910               1688137329.276            2                         899                       1.9417658563E+00          1.9203777688E+00          5.4482042399E+02          5.2680250956E+02          3.1589921599E+00          7.0462924659E+02          4.1056755066E+01          -1.1746008333E+00         3.0414201736E+01          1.8997014898E+01          
2023-06-30                15:02:10.655              180.41817889              4330.036293               1688137330.656            2                         899                       1.9418135178E+00          1.9204246717E+00          5.4483271040E+02          5.2681419718E+02          3.1590270561E+00          7.0460023024E+02          4.1059556216E+01          -1.1430825650E+00         3.0414201736E+01          1.9001951736E+01          
2023-06-30                15:02:11.934              180.41819368              4330.036648               1688137331.934            2                         899                       1.9404261072E+00          1.9191636045E+00          5.4483809308E+02          5.2691095293E+02          3.1424302780E+00          7.0460783821E+02          4.1060783386E+01          -1.1279701602E+00         3.0414201736E+01          1.9003478473E+01          
2023-06-30                15:02:13.355              180.41821014              4330.037043               1688137333.356            2                         899                       1.9404261072E+00          1.9191636045E+00          5.4483809308E+02          5.2691095293E+02          3.1424302780E+00          7.0461855695E+02          4.1060783386E+01          -1.1285199101E+00         3.0414201736E+01          1.9004449137E+01          
2023-06-30                15:02:14.665              180.41822530              4330.037407               1688137334.666            2                         899                       1.9434418542E+00          1.9223480809E+00          5.4484147058E+02          5.2708034554E+02          3.1123290971E+00          7.0461863415E+02          4.1061553399E+01          -1.1170724322E+00         3.0414201736E+01          1.9006333067E+01          
2023-06-30                15:02:16.132              180.41824228              4330.037815               1688137336.133            2                         899                       1.9434947432E+00          1.9224001403E+00          5.4485509331E+02          5.2709331374E+02          3.1123672164E+00          7.0460522703E+02          4.1064659119E+01          -1.1373265129E+00         3.0414201736E+01          1.9004126732E+01          
2023-06-30                15:02:17.569              180.41825891              4330.038214               1688137337.570            2                         899                       1.9435064525E+00          1.9223903148E+00          5.4485509331E+02          5.2707568506E+02          3.1155604608E+00          7.0459835351E+02          4.1064659119E+01          -1.1013779514E+00         3.0414201736E+01          1.9008101811E+01          
2023-06-30                15:02:18.766              180.41827275              4330.038546               1688137338.766            2                         899                       1.9435064525E+00          1.9223903148E+00          5.4485509331E+02          5.2707568506E+02          3.1155604608E+00          7.0460225450E+02          4.1064659119E+01          -1.1001923084E+00         3.0414201736E+01          1.9007839203E+01          
2023-06-30                15:02:20.059              180.41828773              4330.038906               1688137340.060            2                         899                       1.9405325491E+00          1.9192682672E+00          5.4486235557E+02          5.2693391182E+02          3.1425218558E+00          7.0460606819E+02          4.1066314748E+01          -1.1294685065E+00         3.0414201736E+01          1.8983545581E+01          
2023-06-30                15:02:21.450              180.41830382              4330.039292               1688137341.450            2                         899                       1.9405708181E+00          1.9193059301E+00          5.4487222782E+02          5.2694330534E+02          3.1425497478E+00          7.0461440333E+02          4.1068565369E+01          -1.1203816600E+00         3.0414201736E+01          1.9006426098E+01          
2023-06-30                15:02:22.687              180.41831814              4330.039635               1688137342.687            2                         899                       1.9440611716E+00          1.9228759016E+00          5.4487222782E+02          5.2704031281E+02          3.1249711597E+00          7.0461341140E+02          4.1068565369E+01          -1.1246070862E+00         3.0414201736E+01          1.9007480621E+01          
2023-06-30                15:02:23.891              180.41833208              4330.039970               1688137343.892            2                         899                       1.9440611716E+00          1.9228759016E+00          5.4487222782E+02          5.2704031281E+02          3.1249711597E+00          7.0461825703E+02          4.1068565369E+01          -1.1312685755E+00         3.0414201736E+01          1.9006721977E+01          
2023-06-30                15:02:25.240              180.41834770              4330.040345               1688137345.241            2                         899                       1.9443457662E+00          1.9231175352E+00          5.4488755597E+02          5.2702233462E+02          3.1309147605E+00          7.0405355815E+02          4.1072059732E+01          -1.1406572481E+00         3.0414201736E+01          1.8992479223E+01          
2023-06-30                15:02:26.671              180.41836425              4330.040742               1688137346.671            2                         899                       1.9443538233E+00          1.9231254652E+00          5.4488963048E+02          5.2702430889E+02          3.1309205998E+00          7.0460894775E+02          4.1072532654E+01          -1.1473941803E+00         3.0414201736E+01          1.8970748901E+01          
2023-06-30                15:02:28.078              180.41838053              4330.041133               1688137348.078            2                         899                       1.9447153001E+00          1.9242204861E+00          5.4488963048E+02          5.2763159547E+02          3.0210117529E+00          7.0460564943E+02          4.1072532654E+01          -1.1224728325E+00         3.0414201736E+01          1.8993127684E+01          
2023-06-30                15:02:29.477              180.41839674              4330.041522               1688137349.478            2                         899                       1.9447322474E+00          1.9242371753E+00          5.4489399318E+02          5.2763575445E+02          3.0210236019E+00          7.0462046966E+02          4.1073527203E+01          -1.3884918058E+00         3.0414201736E+01          1.8975668219E+01          
2023-06-30                15:02:30.900              180.41841319              4330.041917               1688137350.900            2                         899                       1.9550796971E+00          1.9349163484E+00          5.4490743518E+02          5.2801025534E+02          2.9557230058E+00          7.0455238797E+02          4.1076591492E+01          -1.2386506038E+00         3.0414201736E+01          1.8999736521E+01          
2023-06-30                15:02:32.289              180.41842927              4330.042303               1688137352.289            2                         899                       1.9550796971E+00          1.9349163484E+00          5.4490743518E+02          5.2801025534E+02          2.9557230058E+00          7.0454432971E+02          4.1076591492E+01          -1.1444406991E+00         3.0414201736E+01          1.9006529019E+01          
2023-06-30                15:02:33.640              180.41844491              4330.042678               1688137353.640            2                         899                       1.9619020701E+00          1.9436390340E+00          5.4490743518E+02          5.2962483983E+02          2.6651437083E+00          7.0453187612E+02          4.1076591492E+01          -1.1630347999E+00         3.0414201736E+01          1.9001985904E+01          
2023-06-30                15:02:34.977              180.41846039              4330.043049               1688137354.978            2                         899                       1.9619146264E+00          1.9436514213E+00          5.4491063924E+02          5.2962791124E+02          2.6651513852E+00          7.0451856560E+02          4.1077321893E+01          -1.1506387374E+00         3.0397709865E+01          1.9001608754E+01          
2023-06-30                15:02:36.434              180.41847725              4330.043454               1688137356.434            2                         899                       1.9582399122E+00          1.9398072263E+00          5.4492604359E+02          5.2947537691E+02          2.6952144021E+00          7.0453043391E+02          4.1080833435E+01          -1.1920199213E+00         3.0414201736E+01          1.9002901191E+01          
2023-06-30                15:02:37.805              180.41849311              4330.043835               1688137357.805            2                         899                       1.9582399122E+00          1.9398072263E+00          5.4492604359E+02          5.2947537691E+02          2.6952144021E+00          7.0454161951E+02          4.1080833435E+01          -1.1298025839E+00         3.0414201736E+01          1.9003376007E+01          
2023-06-30                15:02:39.121              180.41850836              4330.044201               1688137359.122            2                         899                       1.9595480957E+00          1.9416321320E+00          5.4492768378E+02          5.2991189017E+02          2.6171974560E+00          7.0453237774E+02          4.1081207326E+01          -1.1199288731E+00         3.0414201736E+01          1.8994012769E+01          
2023-06-30                15:02:40.497              180.41852428              4330.044583               1688137360.498            2                         899                       1.9596386156E+00          1.9417214553E+00          5.4495081094E+02          5.2993407643E+02          2.6172518702E+00          7.0452221680E+02          4.1086479187E+01          -1.1376283169E+00         3.0414201736E+01          1.9000997543E+01          
2023-06-30                15:02:41.874              180.41854021              4330.044965               1688137361.874            2                         899                       1.9636694906E+00          1.9458307222E+00          5.4495081094E+02          5.3002868871E+02          2.6002977428E+00          7.0451037274E+02          4.1086479187E+01          -1.1360653086E+00         3.0414201736E+01          1.9003156182E+01          
2023-06-30                15:02:43.292              180.41855662              4330.045359               1688137363.292            2                         899                       1.9636694906E+00          1.9458307222E+00          5.4495081094E+02          5.3002868871E+02          2.6002977428E+00          7.0454749101E+02          4.1086479187E+01          -1.2662776488E+00         3.0414201736E+01          1.9001314466E+01          
2023-06-30                15:02:44.588              180.41857163              4330.045719               1688137364.589            2                         899                       1.9560204850E+00          1.9380792673E+00          5.4495851927E+02          5.2989448872E+02          2.6256911988E+00          7.0457415691E+02          4.1088236272E+01          -1.3736704012E+00         3.0414201736E+01          1.8994722707E+01          
2023-06-30                15:02:46.043              180.41858847              4330.046123               1688137366.044            2                         899                       1.9560745799E+00          1.9381326447E+00          5.4497236593E+02          5.2990777029E+02          2.6257238822E+00          7.0461044574E+02          4.1091392517E+01          -1.2061621851E+00         3.0414201736E+01          1.8994412681E+01          
2023-06-30                15:02:47.474              180.41860503              4330.046521               1688137367.475            2                         899                       1.9537780797E+00          1.9349389870E+00          5.4497236593E+02          5.2915100860E+02          2.7615694793E+00          7.0462235568E+02          4.1091392517E+01          -1.1339417830E+00         3.0414201736E+01          1.8996380155E+01          
2023-06-30                15:03:02.112              180.41877446              4330.050587               1688137382.113            2                         899                       1.9515249425E+00          1.9312196247E+00          2.6002181575E+01          2.5188867714E+01          2.9822317653E+00          7.0461457350E+02          4.1102531433E+01          -1.3033794978E+00         3.0414201736E+01          1.8985875338E+01          
2023-06-30                15:03:03.487              180.41879037              4330.050969               1688137383.488            2                         899                       1.9521978082E+00          1.9325778857E+00          2.6002181575E+01          2.5216026297E+01          2.8795428730E+00          7.0461060783E+02          4.1102531433E+01          -1.1368521649E+00         3.0414201736E+01          1.9000669113E+01          
2023-06-30                15:03:28.792              180.41908324              4330.057998               1688137408.792            2                         899                       1.9554930492E+00          1.9366354486E+00          3.2693169288E+01          3.1743940720E+01          2.7618610422E+00          7.0458801108E+02          4.1122184753E+01          -1.1345346771E+00         3.0414201736E+01          1.8999381425E+01          
2023-06-30                15:03:30.253              180.41910016              4330.058404               1688137410.254            2                         899                       1.9535726977E+00          1.9345658676E+00          3.2693787105E+01          3.1736255195E+01          2.7866950067E+00          7.0457407081E+02          4.1124398996E+01          -1.1324543306E+00         3.0414201736E+01          1.8999598181E+01          
2023-06-30                15:03:34.361              180.41914770              4330.059545               1688137414.361            2                         899                       1.9559801390E+00          1.9371343266E+00          1.3968388203E+01          1.3563171097E+01          2.7594237215E+00          7.0460527392E+02          4.1126213074E+01          -1.1207589235E+00         3.0414201736E+01          1.9001291060E+01          
2023-06-30                15:03:35.783              180.41916417              4330.059940               1688137415.784            2                         899                       1.9518202911E+00          1.9325661671E+00          1.3968777570E+01          1.3554080602E+01          2.8258731268E+00          7.0458846743E+02          4.1129234516E+01          -1.1427699770E+00         3.0414201736E+01          1.8994410786E+01          
2023-06-30                15:03:42.611              180.41924318              4330.061836               1688137422.611            2                         899                       1.9496266695E+00          1.9299074948E+00          2.7663664285E+01          2.6822045273E+01          2.8981142970E+00          7.0458283845E+02          4.1134269714E+01          -1.2304477139E+00         3.0414201736E+01          1.8992848238E+01          
2023-06-30                15:03:44.042              180.41925975              4330.062234               1688137424.042            2                         899                       1.9490844125E+00          1.9294917850E+00          2.7663664285E+01          2.6827108294E+01          2.8801361253E+00          7.0460192871E+02          4.1134269714E+01          -1.1392560005E+00         3.0414201736E+01          1.8984071732E+01          
2023-06-30                15:03:50.582              180.41933544              4330.064051               1688137430.582            2                         899                       1.9468700167E+00          1.9271742938E+00          8.7404384834E+02          8.4744672065E+02          2.8987729370E+00          7.0461851613E+02          4.1142173767E+01          -1.1072526262E+00         3.0414201736E+01          1.8999782234E+01          
2023-06-30                15:03:51.944              180.41935120              4330.064429               1688137431.944            2                         899                       1.9479675824E+00          1.9287913624E+00          8.7404384834E+02          8.4814854070E+02          2.8199474734E+00          7.0459446625E+02          4.1142173767E+01          -1.1347933842E+00         3.0414201736E+01          1.8997081896E+01          
2023-06-30                15:03:56.210              180.41940058              4330.065614               1688137436.210            2                         899                       1.9487176135E+00          1.9292305411E+00          5.6786558962E+02          5.5078068439E+02          2.8650073197E+00          7.0457577616E+02          4.1145484217E+01          -1.3139538694E+00         3.0414201736E+01          1.8971924232E+01          
2023-06-30                15:03:57.624              180.41941694              4330.066007               1688137437.624            2                         899                       1.9529094673E+00          1.9341124162E+00          5.6786859153E+02          5.5141142100E+02          2.7565842822E+00          7.0456469727E+02          4.1146141052E+01          -1.1473941803E+00         3.0414201736E+01          1.8999557495E+01          
2023-06-30                15:04:09.740              180.41955719              4330.069372               1688137449.741            2                         899                       1.9572348967E+00          1.9386344773E+00          1.1973790426E+03          1.1631086948E+03          2.7213855368E+00          7.0460768986E+02          4.1156202960E+01          -1.4930605012E+00         3.0414201736E+01          1.8962207718E+01          
2023-06-30                15:04:11.032              180.41957214              4330.069731               1688137451.033            2                         899                       1.9547826921E+00          1.9368885006E+00          1.1973985000E+03          1.1643640077E+03          2.6204189231E+00          7.0459819869E+02          4.1158226013E+01          -1.4845341973E+00         3.0414201736E+01          1.8976536151E+01          
2023-06-30                15:04:17.901              180.41965163              4330.071639               1688137457.901            2                         899                       1.9543751050E+00          1.9360714308E+00          9.9855340377E+02          9.7038057851E+02          2.6815146185E+00          7.0457432748E+02          4.1162162781E+01          -1.5278017450E+00         3.0663228989E+01          1.8950996462E+01          
2023-06-30                15:04:19.244              180.41966719              4330.072012               1688137459.245            2                         899                       1.9584127005E+00          1.9410015885E+00          9.9855340377E+02          9.7178381593E+02          2.5442740338E+00          7.0459753378E+02          4.1162162781E+01          -1.1606741212E+00         3.0663228989E+01          1.8991236920E+01          
2023-06-30                15:04:23.543              180.41971694              4330.073207               1688137463.544            2                         899                       1.9532258278E+00          1.9343953657E+00          4.6489013133E+02          4.5139600268E+02          2.7610800673E+00          7.0462525708E+02          4.1165977478E+01          -1.4112789410E+00         3.0663228989E+01          1.8966025750E+01          
2023-06-30                15:04:24.871              180.41973230              4330.073575               1688137464.871            2                         899                       1.9490687514E+00          1.9300575207E+00          4.6489476120E+02          4.5124503864E+02          2.7938510408E+00          7.0459151959E+02          4.1167213945E+01          -1.1296301859E+00         3.0663228989E+01          1.9002328355E+01          
2023-06-30                15:04:34.184              180.41984010              4330.076162               1688137474.185            2                         899                       1.9578592680E+00          1.9406548651E+00          5.6638369632E+02          5.5137275233E+02          2.5145169491E+00          7.0458375923E+02          4.1173912048E+01          -1.2702443347E+00         3.0663228989E+01          1.8976729905E+01          
2023-06-30                15:04:35.526              180.41985564              4330.076535               1688137475.527            2                         899                       1.9549016472E+00          1.9365653740E+00          5.6639479889E+02          5.5039105182E+02          2.6856052517E+00          7.0457673453E+02          4.1176347796E+01          -1.2810558562E+00         3.0663228989E+01          1.8983306683E+01          
2023-06-30                15:04:50.661              180.42003080              4330.080739               1688137490.661            2                         899                       1.9457034078E+00          1.9262904422E+00          2.1754199809E+02          2.1101148050E+02          2.8584683135E+00          7.0457160839E+02          4.1188966713E+01          -1.3736273595E+00         3.0663228989E+01          1.8967080400E+01          
2023-06-30                15:04:52.013              180.42004645              4330.081115               1688137492.013            2                         899                       1.9461062854E+00          1.9264290701E+00          2.1754354771E+02          2.1092725487E+02          2.8971693478E+00          7.0455586819E+02          4.1189781189E+01          -1.1181395535E+00         3.0663228989E+01          1.9004083772E+01          
2023-06-30                15:04:53.328              180.42006168              4330.081480               1688137493.329            2                         899                       1.9461062854E+00          1.9264290701E+00          5.1589279755E+00          5.0020261571E+00          2.8971693478E+00          7.0458758666E+02          4.1189781189E+01          -1.1078346739E+00         3.0663228989E+01          1.8993048914E+01          
2023-06-30                15:04:54.671              180.42007722              4330.081853               1688137494.672            2                         899                       1.9454010635E+00          1.9253862344E+00          5.1590056809E+00          4.9994089147E+00          2.9484739180E+00          7.0456661320E+02          4.1191115878E+01          -1.1401074927E+00         3.0663228989E+01          1.8992689954E+01          
2023-06-30                15:04:55.990              180.42009248              4330.082219               1688137495.990            2                         899                       1.9454443664E+00          1.9254288933E+00          2.5607506535E+01          2.4815316105E+01          2.9485034701E+00          7.0457283030E+02          4.1193656921E+01          -1.1446994401E+00         3.0663228989E+01          1.9003197323E+01          
2023-06-30                15:04:57.372              180.42010848              4330.082604               1688137497.373            2                         899                       1.9462183531E+00          1.9265972764E+00          2.5607506535E+01          2.4830909157E+01          2.8886515802E+00          7.0453537695E+02          4.1193656921E+01          -1.2377990997E+00         3.0663228989E+01          1.8996771932E+01          
2023-06-30                15:04:58.648              180.42012325              4330.082958               1688137498.649            2                         899                       1.9462183531E+00          1.9265972764E+00          2.9820488628E+02          2.8916124385E+02          2.8886515802E+00          7.0454161830E+02          4.1193656921E+01          -1.1932919207E+00         3.0663228989E+01          1.8996461868E+01          
2023-06-30                15:04:59.858              180.42013726              4330.083294               1688137499.859            2                         899                       1.9447319391E+00          1.9251146192E+00          2.9820488628E+02          2.8915617046E+02          2.8903227939E+00          7.0454924729E+02          4.1193656921E+01          -1.2450534105E+00         3.0663228989E+01          1.8997396469E+01          
2023-06-30                15:05:01.213              180.42015293              4330.083670               1688137501.213            2                         899                       1.9447936741E+00          1.9251754539E+00          4.7016657241E+02          4.5589966109E+02          2.8903641088E+00          7.0457840633E+02          4.1197280833E+01          -1.1442251726E+00         3.0663228989E+01          1.8998813553E+01          
2023-06-30                15:05:02.727              180.42017046              4330.084091               1688137502.728            2                         899                       1.9440421335E+00          1.9246740792E+00          4.7016775705E+02          4.5607372504E+02          2.8542503571E+00          7.0458212341E+02          4.1197593689E+01          -1.1025312989E+00         3.0663228989E+01          1.9002733698E+01          
2023-06-30                15:05:04.046              180.42018573              4330.084457               1688137504.047            2                         899                       1.9440421335E+00          1.9246740792E+00          4.8721686696E+02          4.7261176056E+02          2.8542503571E+00          7.0453166229E+02          4.1197593689E+01          -1.1324111807E+00         3.0663228989E+01          1.9001410617E+01          
2023-06-30                15:05:05.348              180.42020079              4330.084819               1688137505.348            2                         899                       1.9465028237E+00          1.9270726936E+00          4.8722715009E+02          4.7259401994E+02          2.8598343396E+00          7.0455141020E+02          4.1200214765E+01          -1.1323033761E+00         3.0663228989E+01          1.9002716974E+01          
2023-06-30                15:05:11.880              180.42027639              4330.086633               1688137511.880            2                         899                       1.9440548172E+00          1.9239673008E+00          9.3974870327E+02          9.1055389560E+02          2.9613642218E+00          7.0456995559E+02          4.1205406189E+01          -1.4566484690E+00         3.0663228989E+01          1.8950222015E+01          
2023-06-30                15:05:13.194              180.42029160              4330.086998               1688137513.194            2                         899                       1.9437619914E+00          1.9243864851E+00          9.3974870327E+02          9.1156363087E+02          2.8557752695E+00          7.0457772807E+02          4.1205406189E+01          -1.3300903104E+00         3.0663228989E+01          1.8968936124E+01          
2023-06-30                15:05:14.562              180.42030743              4330.087378               1688137514.562            2                         899                       1.9437768671E+00          1.9244011464E+00          9.3975530086E+02          9.1156993637E+02          2.8557851112E+00          7.0456069926E+02          4.1206279881E+01          -1.3269643484E+00         3.0663228989E+01          1.8970514866E+01          
2023-06-30                15:05:15.884              180.42032273              4330.087746               1688137515.884            2                         899                       1.9443281883E+00          1.9248661750E+00          9.3977889255E+02          9.1147770384E+02          2.8678107661E+00          7.0456752348E+02          4.1209403992E+01          -1.3686365971E+00         3.0663228989E+01          1.8962486873E+01          
2023-06-30                15:05:19.996              180.42037034              4330.088888               1688137519.997            2                         899                       1.9385109385E+00          1.9177030800E+00          5.5886292921E+00          5.4084157217E+00          3.0775795519E+00          7.0457130523E+02          4.1210892684E+01          -1.3257462702E+00         3.0663228989E+01          1.8970589265E+01          
2023-06-30                15:05:21.395              180.42038653              4330.089277               1688137521.396            2                         899                       1.9405498074E+00          1.9200768539E+00          5.5887764842E+00          5.4115791013E+00          3.0243019912E+00          7.0456327931E+02          4.1213279724E+01          -1.1021540804E+00         3.0663228989E+01          1.9001742369E+01          
2023-06-30                15:05:22.762              180.42040234              4330.089656               1688137522.762            2                         899                       1.9405498074E+00          1.9200768539E+00          5.5887764842E+00          5.4115791013E+00          3.0243019912E+00          7.0454735883E+02          4.1213279724E+01          -1.1191312722E+00         3.0663228989E+01          1.9003380731E+01          
2023-06-30                15:05:24.191              180.42041889              4330.090053               1688137524.192            2                         899                       1.9381162405E+00          1.9174997155E+00          5.5887764842E+00          5.4101440208E+00          3.0496038273E+00          7.0457288608E+02          4.1213279724E+01          -1.1785352759E+00         3.0663228989E+01          1.8989770397E+01          
2023-06-30                15:05:25.678              180.42043610              4330.090466               1688137525.679            2                         899                       1.9381655234E+00          1.9175482406E+00          1.9907523844E+01          1.9271218304E+01          3.0496387483E+00          7.0458661050E+02          4.1216182734E+01          -1.1438694190E+00         3.0663228989E+01          1.8972770640E+01          
2023-06-30                15:05:27.069              180.42045220              4330.090853               1688137527.070            2                         899                       1.9396714274E+00          1.9193575055E+00          1.9907727806E+01          1.9281056045E+01          3.0019342183E+00          7.0457229796E+02          4.1217338562E+01          -1.1039649745E+00         3.0663228989E+01          1.8989295505E+01          
2023-06-30                15:05:31.224              180.42050029              4330.092007               1688137531.225            2                         899                       1.9358885487E+00          1.9151205563E+00          1.8949227961E+01          1.8338519313E+01          3.0758253082E+00          7.0454536691E+02          4.1221244812E+01          -1.1198966022E+00         3.0663228989E+01          1.9001360937E+01          
2023-06-30                15:05:32.542              180.42051554              4330.092373               1688137532.543            2                         899                       1.9377553233E+00          1.9171559657E+00          1.8949227961E+01          1.8343942400E+01          3.0476107680E+00          7.0458416748E+02          4.1221244812E+01          -1.1064118810E+00         3.0663228989E+01          1.9004057714E+01          
2023-06-30                15:05:39.262              180.42059331              4330.094239               1688137539.262            2                         899                       1.9355149502E+00          1.9146222645E+00          2.3427919755E+01          2.2668291078E+01          3.0950982095E+00          7.0454206494E+02          4.1225090027E+01          -1.2056556166E+00         3.0663228989E+01          1.8996066453E+01          
2023-06-30                15:05:40.677              180.42060970              4330.094633               1688137540.678            2                         899                       1.9377899232E+00          1.9168722595E+00          2.3428682866E+01          2.2669014490E+01          3.0951611875E+00          7.0456710027E+02          4.1228818224E+01          -1.1551767698E+00         3.0663228989E+01          1.8999061332E+01          
2023-06-30                15:05:44.638              180.42065554              4330.095733               1688137544.639            2                         899                       1.9361122940E+00          1.9150389245E+00          4.0928127747E+01          3.9590251205E+01          3.1211859612E+00          7.0455905899E+02          4.1229287508E+01          -1.1343729496E+00         3.0663228989E+01          1.8999822617E+01          
2023-06-30                15:05:46.019              180.42067152              4330.096116               1688137546.019            2                         899                       1.9368032695E+00          1.9161338220E+00          4.0929395949E+01          3.9617025918E+01          3.0596115955E+00          7.0457042366E+02          4.1232963562E+01          -1.1341789258E+00         3.0663228989E+01          1.8998449313E+01          
2023-06-30                15:05:47.247              180.42068574              4330.096458               1688137547.248            2                         899                       1.9368032695E+00          1.9161338220E+00          2.3393727579E+01          2.2643625451E+01          3.0596115955E+00          7.0455258967E+02          4.1232963562E+01          -1.1197241545E+00         3.0663228989E+01          1.8996316910E+01          
2023-06-30                15:05:48.595              180.42070133              4330.096832               1688137548.595            2                         899                       1.9387769452E+00          1.9180909035E+00          2.3393727579E+01          2.2643783953E+01          3.0589436655E+00          7.0459706692E+02          4.1232963562E+01          -1.1203385276E+00         3.0663228989E+01          1.9000620924E+01          
2023-06-30                15:05:49.951              180.42071704              4330.097209               1688137549.952            2                         899                       1.9388098925E+00          1.9181233425E+00          8.2268217693E+02          7.9630887566E+02          3.0589670766E+00          7.0459605963E+02          4.1234903752E+01          -1.1458096852E+00         3.0663228989E+01          1.8996673900E+01          
